function Par = Init_Propulsion

% position 
Geometry.x_rp   =  0.102;              % propeller position x-coord.                         [m]
Geometry.y_rp   =  0.000;              % propeller position y-coord.                         [m]
Geometry.z_rp   =  0.000;              % propeller position z-coord.                         [m]

% Propeller Geometry
Geometry.Dprop = convlength(74,'in','m');	%Propeller diameter [m]
Geometry.Iprop = 0.75; % Equivalent moment of inertia [kg*m^2]

% Propeller characteristics from Sensenich for?74DM6-0-60 propeller
Prop.J = [0.121750206	0.134587409	0.147580613	0.160752246	0.174116029...
   	0.187678947	0.201454259	0.215447304	0.2296616	0.244108526...
   	0.258779024	0.273636793	0.288622843	0.303726798	0.318858149...
   	0.333964748	0.348929559	0.363680128	0.378123031	0.392224773...
   	0.405938957	0.419292522	0.432268616	0.444910949	0.457234419...
   	0.469259115	0.480989751	0.492454303	0.503684793	0.514674345...
   	0.525438237	0.535971639	0.54629241	0.556397454	0.566306832...
   	0.576018884	0.58555552	0.59491624	0.604100675	0.613132624...
   	0.62196412	0.630643429	0.639171235	0.647523493	0.655725453...
   	0.66377798	0.671681988	0.679463807	0.687073818	0.694563912...
   	0.701935494	0.709164133	0.716276849	0.723301053	0.730212286...
   	0.737038087	0.743780028	0.750465979	0.757097653	0.763703189...
   	0.770284413	0.776843099	0.783434375	0.790006819	0.796642655...
   	0.803317279	0.810032779	0.816818377	0.823649205	0.830582054]; %Advance ratio

Prop.c_t = [0.109944814	0.10988035	0.109802593	0.109727387	0.109650148...
   	0.10955744	0.109451297	0.109317691	0.109149566	0.108937041...
   	0.10866745	0.108337792	0.10790971	0.107397375	0.106758584...
   	0.1059959	0.105094864	0.104049953	0.102865592	0.101557881...
   	0.100139258	0.098639487	0.097066331	0.095451539	0.093800489...
   	0.092130079	0.090440119	0.08874969	0.087068299	0.085390131...
   	0.083724413	0.082064991	0.080424206	0.078803238	0.077205585...
   	0.075620561	0.07405131	0.072498418	0.070969747	0.069467387...
   	0.067977076	0.066510005	0.065066153	0.063637167	0.062231668...
   	0.060842853	0.059474201	0.058130069	0.056795171	0.055484698...
   	0.054188782	0.052909779	0.051645341	0.050392962	0.049145967...
   	0.047911014	0.046687942	0.045465303	0.044231704	0.042999065...
   	0.041761614	0.040502777	0.039236646	0.037946884	0.036633425...
   	0.03529903	0.033935746	0.032535435	0.031101185	0.029636985]; %Thrust coefficient

Prop.c_p = [0.048945725	0.049535797	0.050148062	0.050799661	0.051492518...
   	0.052218062	0.052977914	0.053767408	0.054586225	0.055430847...
   	0.056283723	0.057147434	0.057980991	0.058797704	0.059551229...
   	0.060233295	0.060810542	0.061268315	0.061596031	0.061786925...
   	0.061844795	0.061794779	0.061633712	0.061388339	0.061069994...
   	0.060690123	0.06025254	0.059774123	0.059260433	0.058712942...
   	0.05814037	0.057543991	0.056926984	0.056290568	0.055642702...
   	0.054979425	0.054303591	0.053616196	0.052922824	0.052225821...
   	0.051513735	0.050799661	0.050084154	0.049362083	0.048635733...
   	0.047905827	0.047173065	0.046443324	0.045706735	0.044974218...
   	0.044242344	0.043506816	0.042776602	0.04204946	0.041321228...
   	0.040603525	0.039892901	0.039193517	0.038498737	0.037818832...
   	0.037153263	0.036498487	0.035864464	0.035243041	0.034644277...
   	0.034063615	0.033503002	0.032964804	0.032447447	0.031950957]; %Power coefficient

Prop.eta = [0.273482591	0.298541916	0.323137792	0.34722523	0.370769363...
   	0.393764614	0.416200418	0.438038633	0.459226917	0.479741189...
   	0.499626799	0.518749553	0.537162381	0.554774392	0.571622875...
   	0.587696455	0.603032027	0.617625932	0.631466814	0.644691689...
   	0.657297447	0.66929278	0.680775623	0.69178341	0.702289445...
   	0.712354451	0.721974045	0.731172024	0.740038106	0.748525079...
   	0.756651665	0.76436318	0.771780455	0.778921272	0.785764331...
   	0.79227585	0.798495133	0.804430181	0.810101748	0.815549108...
   	0.82073844	0.825676721	0.830370687	0.834781644	0.839031024...
   	0.843032023	0.846833882	0.850440384	0.853757662	0.856883585...
   	0.859742647	0.862433086	0.864780293	0.866819277	0.868487967...
   	0.869684158	0.870469643	0.870556291	0.869839431	0.868311398...
   	0.865827606	0.862071423	0.857097363	0.850616074	0.842382972...
   	0.832451903	0.82049562	0.806179249	0.789475536	0.770429123]; %Propeller efficiency

% Engine characteristics
Engine.Vd = 319.8*0.000016387;  % Engine displaced volume [m^3]
Engine.etaV = 0.85;             % Engine volumetric efficiency
Engine.BHPrated = 160;          % Engine rated horsepower

% coefficients for the evaluation of engine BHP
Engine.BHPcoeff = [-2.46257e+00 -1.86159e-03 9.70634e-01 2.18926e-03 ...
    -4.65796e-03 -8.61470e-06 -8.61658e+01 1.41231e-02 3.49235e+00 ...
    1.48076e-03 -1.99790e-02 7.59788e-02 -5.56651e-06]';

% coefficients for the evaluation of full-throttle air mass flow
Engine.mthcoeff = [2.80751e-03 -5.00477e-06 -2.81479e-07 8.01087e-10 ...
     1.01727e-11 -6.17063e-14]';

% thrcoeff = c2*thr^2 + c1*thr + c0
Engine.thrcoeff = [-0.8299 1.6132 0.2282]; % [c2 c1 c0]

% Effects of mixture variation
Engine.FAratio = [0.0400,  0.0500,  0.0526,  0.0552,  0.0578,  0.0603,  ...
    0.0629,  0.0655,  0.0681,  0.0707,  0.0733,  0.0759,  0.0784,  0.0810,  ...
    0.0836,  0.0862,  0.0888,  0.0914,  0.0940,  0.0966,  0.0991,  0.1017,  ...
    0.1043,  0.1069,  0.1095,  0.1121,  0.1147,  0.1172,  0.1198,  0.1224,  ...
    0.1250,  0.1350]; % Fuel-to-air ratio

Engine.pf = [0.0000,  0.0000,  0.3537,  0.6000,  0.7643,  0.8720,  0.9376,  ...
    0.9637,  0.9779,  0.9872,  0.9942,  0.9986,  1.0003,  0.9995,  0.9974,  ...
    0.9944,  0.9906,  0.9863,  0.9818,  0.9773,  0.9718,  0.9632,  0.9497,  ...
    0.9291,  0.8979,  0.8513,  0.7797,  0.6708,  0.5126,  0.2930,  0.0000,  ...
    0.0000]; % Power factor

% Data Assembly
Propulsion.Prop	=	Prop;
Propulsion.Geometry = Geometry;
Propulsion.Engine = Engine;
Par.Propulsion    = Propulsion;          % Propulsion data
